629,93,225994
928,69,315779
784,31,113642
513,2,238719
778,61,157704
1,62,481443
58,81,355784
544,84,402433
128,70,103678
797,52,450877
1000,57,155301
993,78,15906
898,5,373851
273,2,444067
211,29,374928
261,17,375347
695,34,342499
898,21,7538
930,76,417346
515,98,196260
17,56,165148
161,13,321696
539,31,252845
186,44,468958
755,55,133769
64,28,168809
60,40,85266
473,43,488693
687,48,156258
624,9,477767
656,3,142241
838,9,473752
984,32,354640
375,46,43461
130,29,92533
511,21,330208
707,41,295954
867,26,320149
426,85,79289
987,81,32603
307,87,336262
165,78,395024
128,46,385980
525,61,128911
128,19,105725
348,28,41363
961,44,232234
651,55,381000
901,67,101214
14,48,409955
292,19,174400
658,23,21000
251,94,419992
774,3,369979
626,70,155580
102,49,120796
192,45,114898
756,6,432268
110,2,165971
306,86,119364
628,99,154275
102,64,333195
33,79,33110
858,8,440864
855,17,42526
472,29,223314
321,74,330830
112,58,264986
58,93,34231
539,48,488667
45,14,429278
688,1,393650
815,6,489337
494,16,204795
913,37,149681
971,70,275541
593,63,358232
542,19,189882
776,39,51788
613,21,127004
249,59,265973
404,92,215750
124,21,354006
29,79,194001
533,17,251556
818,64,320788
589,45,475040
901,89,138375
583,48,117513
35,9,258365
442,79,191444
678,67,40030
429,91,401016
324,96,63958
97,49,422277
73,48,31795
492,71,486052
468,41,249368
607,90,160414
565,40,58590
83,44,320332
267,54,132425
164,92,489029
898,68,258098
902,50,267687
35,89,268631
605,56,269897
583,29,471334
543,61,90349
104,99,35053
903,40,408483
396,42,374705
989,32,44354
319,79,310570
676,8,288044
877,92,233597
113,52,110432
542,21,313961
678,83,294503
835,89,288632
179,90,343603
151,60,35543
307,97,487977
841,10,266230
341,51,352663
539,31,307099
101,38,393020
735,55,7890
146,21,395592
614,9,12859
237,3,404780
121,90,223762
30,18,113234
300,68,385671
35,46,336229
867,7,387294
818,46,370508
39,25,477768
454,29,78511
610,64,234620
229,39,249872
284,94,213919
595,72,385599
250,40,393832
370,14,135551
8,34,88447
197,3,302805
453,87,155326
240,22,447212
197,98,489337
143,8,188862
152,74,338500
228,96,747
354,86,152244
954,80,387450
44,42,316296
614,2,459808
997,92,208047
292,70,23027
94,52,136084
67,90,470341
159,57,399435
462,37,395810
29,35,278835
150,40,360733
889,15,393836
907,98,48567
845,44,50967
814,18,5377
754,47,226238
711,79,399018
302,99,78145
900,20,292985
332,28,369114
99,60,60822
425,43,448526
643,28,244350
721,81,435025
938,33,227375
6,89,471929
166,52,220874
33,21,489550
234,45,235806
103,69,54916
982,91,285346
894,10,2497
632,53,216153
537,87,205766
496,71,178632
948,6,403847
922,70,384396
399,66,183313
505,5,415084
353,10,305922
532,18,459793
540,100,239347
693,36,21808
284,20,296756
29,76,200936
82,3,10462
138,92,368696
431,80,399687
625,31,66094
908,59,17444
807,32,173074
499,27,143273
668,29,9048
171,74,305722
58,99,75534
709,46,247133
149,21,388044
787,22,204535
139,69,379214
299,15,454440
200,20,15818
938,99,199225
689,99,404978
21,59,471951
594,42,300379
571,69,447382
239,81,456934
642,96,39927
241,64,63200
900,21,413716
709,89,431810
447,93,120761
696,71,425817
903,8,120835
909,29,44254
734,9,234273
653,4,373820
827,9,32715
41,91,170839
320,49,392147
446,12,400439
680,70,68056
199,97,340730
33,16,173439
549,4,307963
739,59,229559
864,53,328299
222,54,410416
80,94,116694
45,12,363092
410,96,378415
246,5,26639
293,56,103791
906,88,41156
601,46,64429
984,56,457431
87,71,469211
394,15,62272
92,58,253690
329,89,250536
498,76,131539
847,41,97023
929,69,225304
690,31,232393
206,20,122967
369,86,436043
48,46,381459
490,6,346224
28,6,147702
331,88,381866
774,42,110999
671,81,94853
424,46,236729
867,57,245519
326,42,252137
186,19,102246
994,10,40846
378,22,484179
311,14,210224
508,29,318905
980,76,236819
31,84,465931
229,58,171863
124,15,340398
762,80,80209
258,62,342055
967,57,460098
35,27,347379
363,65,54532
257,49,60384
306,28,19492
260,8,181103
944,32,169895
490,54,491785
416,68,494759
333,50,34850
310,91,374738
188,58,206097
359,11,489606
802,36,275243
403,7,97475
844,64,327644
586,69,391167
733,98,393453
809,57,398461
719,44,68164
439,92,357886
207,61,69533
253,72,279795
339,89,339311
651,8,420503
819,97,361043
100,92,80302
995,62,31386
845,81,210150
182,72,43939
857,16,22759
244,47,371652
37,57,302359
422,97,33030
670,50,377042
410,95,457255
130,14,204932
684,80,468672
828,56,255956
80,82,370527
420,13,447757
625,74,413779
258,8,15806
609,49,440946
93,48,322080
919,25,161170
30,34,300827
616,63,134191
726,98,218923
758,27,184773
852,71,217514
486,56,48736
787,71,114159
346,68,215138
575,14,108089
871,85,59096
131,60,166715
405,83,428065
690,67,470637
186,73,69404
510,90,446664
671,99,271512
828,89,9130
114,66,394087
61,70,290407
397,91,400033
260,49,271416
103,80,274013
814,41,266192
851,29,258672
401,74,467411
866,51,494594
191,27,286285
816,27,266005
302,97,366872
882,85,161716
501,84,329474
92,97,143843
157,10,338242
896,9,65645
446,53,293459
995,92,354459
802,13,20180
418,19,202770
620,4,468753
853,65,181697
211,63,100621
224,34,404878
4,94,148057
515,11,411209
1000,26,242501
854,40,98318
472,10,337587
840,22,168546
924,25,117011
118,45,176295
289,23,129027
208,34,345212
383,90,63946
586,28,23401
609,36,156659
11,80,188146
912,10,384743
99,86,133716
978,37,212334
157,36,477176
690,82,262612
258,90,378357
831,44,465175
571,77,363101
36,61,287408
935,27,386149
995,59,319563
693,19,296543
909,8,132749
765,58,48601
188,17,380645
979,76,109047
410,43,335079
648,62,149182
518,35,69311
399,7,201709
279,94,219389
251,88,133666
983,65,333510
941,65,372084
397,47,424089
505,9,479622
971,39,20207
106,51,257009
287,95,80922
110,63,218161
764,23,326926
414,58,396934
611,90,85640
27,13,49239
31,66,427894
897,26,441322
673,90,29317
987,89,111995
334,51,185366
605,90,461578
915,12,226013
984,43,365430
623,41,2016
104,32,399466
423,80,384307
777,97,98970
742,34,300428
972,27,137028
422,79,391946
393,93,53355
924,9,132468
308,96,188008
778,97,230387
624,44,190985
291,80,387820
222,55,27555
496,82,13644
527,82,76592
358,43,165938
341,67,26661
224,91,151431
923,12,376627
529,26,233173
310,87,30465
749,38,144996
902,55,8097
601,41,140543
287,20,49680
500,43,490482
318,7,372578
260,31,437842
445,62,81907
46,87,231746
290,81,267630
581,24,40016
476,57,57259
595,56,106736
704,61,369416
532,80,181487
84,42,405479
498,95,348911
710,53,381536
471,41,42312
491,2,261343
746,58,104581
225,31,285812
647,82,453906
933,15,269209
471,54,454977
432,91,225756
698,62,271004
164,6,42610
443,3,104557
276,98,17130
155,72,325994
950,94,222987
576,79,143294
974,39,274431
938,86,49476
576,45,187896
423,68,480783
502,69,181233
858,10,181582
341,17,358339
677,12,382295
106,66,356889
117,34,138345
60,18,155569
674,59,123530
796,76,378271
806,81,474416
564,47,59827
888,18,283662
849,67,403455
410,55,832
198,51,312949
435,3,168261
304,75,433686
300,94,485153
325,71,242475
571,88,334163
470,59,196844
243,19,40190
823,95,196090
194,54,266592
420,48,149618
891,84,61571
583,3,119930
341,39,158222
491,89,117970
292,25,356683
15,24,250002
690,90,326511
788,1,50704
380,12,364382
542,81,436301
60,12,258142
681,24,400142
482,95,1788
106,40,88427
910,15,263776
304,67,141072
816,61,138192
662,67,234323
841,71,273888
58,59,383253
990,76,210019
680,68,234063
93,58,250514
110,1,152940
502,42,434948
648,48,87190
48,10,226094
893,13,253995
241,40,172689
568,57,378340
727,71,466621
603,85,292424
988,89,387699
459,39,358337
294,43,267468
705,30,300061
912,85,269744
852,84,127234
551,34,353957
427,27,493733
74,62,442424
300,78,455633
443,11,434182
264,79,164324
927,33,329540
865,49,244275
553,49,356559
476,57,170563
812,46,120610
628,25,74396
607,81,397276
589,55,87864
462,30,374656
187,77,413126
971,46,180424
894,33,453520
502,50,256680
152,71,440400
151,44,208460
949,76,164147
944,50,373288
651,19,480595
293,78,36526
77,36,461086
695,10,263357
828,28,83637
686,15,51516
865,87,90432
48,90,487853
340,50,208034
258,24,392207
668,72,34243
191,85,369095
862,33,58969
77,35,490898
106,56,410781
700,71,329181
585,70,17144
854,86,230965
563,74,482280
43,59,375059
713,49,217088
437,71,234310
691,79,278633
76,42,199528
968,4,244170
319,94,284284
906,97,356555
549,44,400939
86,65,447532
129,14,358948
890,74,191437
601,74,346769
321,4,394092
141,1,297006
90,24,173936
262,73,139137
940,93,430079
767,80,85259
222,85,250430
952,65,218588
727,45,383638
59,85,270346
762,62,179386
981,6,97782
481,71,380557
213,9,8772
457,81,409242
53,36,202699
517,26,292681
61,51,213285
815,41,97353
759,28,357721
165,62,305035
581,68,359883
614,57,225292
81,36,383830
273,74,115637
386,26,391178
394,18,374787
894,49,323908
701,54,248427
234,47,258041
963,32,102802
462,36,295123
828,39,10067
521,64,82739
894,76,440923
939,3,465629
45,60,45887
785,64,446385
24,49,49784
871,34,161146
263,95,48077
205,44,314665
959,20,447495
694,50,79078
405,18,68621
99,58,59904
566,78,423847
235,52,152085
910,45,464916
426,68,132605
483,83,25727
210,76,21982
236,90,478074
287,95,354478
609,14,191979
728,38,135141
353,12,415966
423,67,330193
611,21,26548
787,89,476179
247,64,480127
714,68,480633
421,75,162382
777,62,420340
421,47,214167
683,92,217218
738,15,283172
977,25,201813
394,54,65310
993,91,218173
523,5,249840
58,24,20311
198,26,86998
946,23,354250
508,73,356902
580,43,266369
884,97,257411
986,6,224777
685,73,221532
496,45,379328
16,49,425086
198,64,315215
815,26,282941
647,28,315639
175,57,378841
808,79,295784
925,74,442836
267,72,152656
457,42,41986
680,42,427620
805,30,321788
478,90,313933
973,20,288062
821,100,110003
513,27,137111
796,77,427203
352,54,400422
878,11,32327
871,68,213428
625,63,295483
236,1,130982
639,87,472721
969,76,120328
761,59,495276
783,62,391637
531,50,218186
659,45,420351
889,8,115838
170,36,92354
124,79,83873
62,90,66437
86,39,92008
84,65,64429
628,62,92996
62,94,387328
319,9,197670
232,89,147173
392,43,261489
812,63,247592
947,64,141160
835,89,376548
406,76,15338
226,71,281632
217,76,287764
130,47,309275
803,70,218248
488,15,291131
770,6,20497
869,85,460070
355,45,351559
545,58,247228
134,44,202824
820,24,382742
973,76,293306
610,89,422592
230,64,296417
268,28,356026
211,48,232765
663,62,156174
870,72,78076
510,57,210496
764,2,212086
948,54,222703
255,58,486523
363,18,268589
965,88,289445
475,13,354426
476,45,118666
657,10,420114
289,13,329281
520,6,367593
18,38,302641
738,80,316477
853,94,414049
125,69,418824
254,74,351057
967,70,186401
912,2,385851
597,62,391375
947,74,396623
223,65,284347
364,19,9591
9,12,400110
753,92,374425
398,49,463223
246,83,254824
698,67,426364
717,64,122928
902,49,368606
236,42,227072
770,47,77114
774,59,106470
157,87,254470
154,99,189899
593,91,457263
253,30,273249
105,31,431599
458,66,236441
302,7,199771
369,61,32015
701,46,343095
750,14,79644
300,27,72568
732,19,341884
415,38,250215
268,21,458428
752,49,251697
838,6,457200
736,13,59278
396,21,193297
90,94,204780
579,5,265953
665,19,261694
155,58,327124
512,53,190405
732,31,266471
220,2,15059
707,35,434961
482,37,395783
469,83,176799
935,50,320613
856,58,30193
229,27,198707
852,94,154408
359,50,364114
545,96,95001
246,25,39849
330,77,151381
558,32,444694
359,23,260276
795,2,436106
247,80,388309
612,21,55952
24,72,87471
401,52,123863
336,34,460879
117,89,68999
904,82,474767
356,35,292992
221,100,62376
685,2,67746
507,52,215478
217,36,492691
914,25,327684
443,72,283347
978,88,138833
306,8,130858
322,87,329552
534,6,172500
607,54,414200
213,23,97784
739,48,162814
618,57,103284
320,21,465624
290,26,39288
352,2,175276
367,72,182064
187,18,5081
158,81,229010
737,26,322906
974,43,199112
918,83,190035
203,23,84560
361,30,146524
642,61,195732
362,10,430450
73,5,288413
83,5,364411
93,57,161270
10,2,292152
188,53,61044
651,79,114380
64,62,351643
493,21,32877
227,13,27632
204,59,286599
808,49,240544
84,34,268215
640,100,237005
772,85,19850
592,88,80975
195,67,270231
140,50,293712
775,83,282962
200,94,105060
879,55,368040
204,70,111598
524,9,122462
431,76,345362
330,89,495030
580,85,294477
722,1,492612
601,92,83294
383,70,352009
775,93,155080
960,33,254458
40,90,405066
13,54,191859
567,12,333153
221,60,254469
594,69,418264
835,7,236872
497,28,68593
379,69,69395
124,18,56398
605,52,220388
372,50,68153
698,31,344688
10,75,24520
722,19,47149
764,56,27179
332,51,285163
642,71,377527
722,98,80742
513,43,253299
828,13,242029
931,85,217178
783,86,63733
221,82,431176
620,38,446558
800,89,496643
225,36,150922
760,61,3185
537,27,365280
690,1,485681
6,10,78079
763,40,165998
294,16,168292
56,34,326590
228,29,443797
132,98,25018
1,22,333042
869,47,234013
630,20,138013
534,85,331179
655,94,378014
115,94,316261
94,70,358494
900,72,381191
645,68,206735
299,74,23717
142,70,299133
928,99,14124
253,8,84468
936,82,207584
437,73,420625
582,28,240683
147,63,242003
62,58,330874
281,38,376198
590,89,19148
889,16,106539
725,36,278540
120,82,44857
948,35,116479
430,30,142902
491,97,303099
36,28,191741
416,86,132853
614,3,338619
940,18,100141
256,60,269541
18,87,125353
672,16,304915
168,19,494164
644,68,321868
548,48,367134
728,80,496417
287,17,276659
208,100,27679
62,3,236475
297,93,74730
924,73,129371
594,11,356045
382,55,213375
784,81,365562
723,45,208192
590,17,373160
597,28,22800
983,58,484875
842,35,337384
625,37,140111
562,15,382668
580,66,50205
456,40,328097
266,52,254521
396,30,401294
653,34,27467
254,5,421195
723,49,24875
983,59,71181
169,20,221621
942,66,362765
347,72,243986
476,5,401095
485,68,372077
742,8,95542
129,74,120315
790,43,191995
850,52,377993
889,10,77432
198,67,300040
107,70,395350
904,32,150663
137,95,232718
329,68,46974
376,50,143267
175,97,87422
253,85,21984
433,54,16034
809,70,360995
585,23,178223
522,42,127946
63,8,178967
387,85,45658
944,15,230941
242,28,287949
913,72,360399
352,74,127360
