102,10,347696
147,34,201556
434,10,311752
435,90,233757
735,50,262232
552,82,164002
413,40,330145
282,56,307264
648,58,323516
379,67,213590
349,60,354415
144,6,177712
355,29,317285
256,52,235345
889,26,331344
845,45,171720
260,92,201257
825,92,214829
819,51,317085
471,94,287795
159,58,300999
246,92,267045
569,57,184971
878,48,250919
738,72,324182
693,47,305712
708,23,206686
186,22,234992
74,61,275685
855,3,174916
443,36,246330
278,98,198186
134,84,191092
439,95,243116
127,41,238847
307,83,297144
275,84,332553
665,9,199071
749,91,308821
188,52,325078
747,36,203047
770,24,159589
441,97,324167
104,99,228720
188,99,283466
507,62,184686
975,77,323177
3,90,265654
128,64,327637
644,45,255110
263,7,170957
97,11,185546
488,5,174679
465,37,301236
859,72,294717
367,19,312205
79,28,201731
268,99,283343
456,13,209977
56,91,211071
103,23,184096
869,35,323256
389,79,180594
175,72,285021
650,12,261708
98,46,270879
134,79,258707
999,31,339109
206,100,313020
302,79,349581
805,27,198045
571,4,251633
143,26,202234
842,76,208988
659,96,240589
198,51,285597
225,9,283411
596,22,289605
593,69,310646
951,98,218561
107,4,311986
457,1,156369
645,82,287771
170,95,167833
834,47,257116
833,38,171522
493,84,331064
958,60,234069
343,7,343426
149,58,341898
956,77,227366
685,32,196230
960,36,322134
345,28,245079
493,75,229295
487,21,285414
903,19,232035
376,12,239893
704,47,300692
764,56,160576
779,24,184368
714,17,262336
830,71,235420
682,39,196098
86,51,199063
845,49,316835
253,83,238537
675,88,354766
715,83,297856
772,56,196903
994,26,325859
939,94,345105
445,36,237787
512,83,284648
216,1,185893
938,69,241079
446,9,323550
601,19,346691
722,17,326121
901,94,331176
779,34,216260
586,51,230929
456,41,188213
323,71,196892
897,26,259543
533,8,203677
3,49,219047
464,70,308533
140,31,185554
522,17,310702
88,71,294162
849,86,178961
243,80,338322
150,48,200627
75,49,247560
771,80,267644
828,36,277016
28,68,232682
473,81,247372
786,34,237152
910,45,307534
284,88,169875
427,73,195429
217,3,343466
394,84,188522
61,17,184001
225,87,205678
653,60,206208
575,16,354713
18,6,268050
796,97,311997
447,48,301705
639,35,314707
828,2,316475
208,30,227376
220,32,219479
163,17,182553
682,100,256845
171,25,181957
356,45,258053
613,73,205750
786,86,232858
535,77,168479
506,44,195188
849,94,344627
860,96,222251
790,87,266573
87,52,164448
618,8,314081
642,57,322568
568,17,196455
781,16,350170
59,21,293181
384,45,266314
142,35,156960
35,50,322812
204,75,247674
353,28,220469
923,67,276485
564,92,275139
470,93,331342
334,22,198891
964,48,320800
846,46,254824
171,33,311260
126,37,348089
460,69,274215
625,40,270411
7,34,277395
44,27,256883
246,30,355632
413,71,243144
571,68,170608
418,46,166903
295,88,263995
984,56,215680
846,91,184016
95,87,179507
225,9,324569
880,82,201176
705,90,188245
937,43,336045
790,15,220642
909,57,289248
413,36,235532
320,50,338522
389,38,242561
644,60,186817
123,32,293230
638,41,349099
559,66,327676
921,89,248797
382,65,234172
800,94,197010
477,96,179144
347,13,299705
626,55,289401
730,79,280818
464,82,258090
789,21,356111
681,3,319307
868,17,261586
478,87,155691
885,72,167478
265,44,163611
669,19,273383
619,30,304575
533,46,246857
485,95,248217
105,45,335686
629,39,248159
401,93,281501
340,7,188485
162,49,228161
388,100,249294
422,84,266305
220,14,320816
343,30,238797
419,6,278845
292,58,250148
403,81,203177
166,82,319442
383,8,288611
975,78,339100
561,58,249431
665,45,320202
585,66,330130
200,75,340020
254,25,332611
889,55,275205
468,96,313859
963,99,277504
434,48,289025
403,92,328752
117,22,230732
22,73,345723
944,23,268242
787,32,301849
757,28,219580
404,40,295143
16,31,312468
138,97,337593
253,4,274948
900,11,309098
774,86,192789
568,1,159460
612,97,211772
568,20,287763
731,81,324274
703,8,230431
480,64,297921
230,70,210981
294,47,266494
188,74,292044
646,19,294148
975,83,346974
256,95,357857
180,2,215272
538,82,189377
657,55,279443
305,68,318879
854,90,286299
724,33,165386
394,100,246509
517,94,167284
900,80,310678
414,60,201870
74,100,270560
858,32,156992
24,10,207348
958,7,349362
846,62,161463
688,25,357503
446,65,243023
347,28,231550
626,61,187640
255,49,284639
404,24,290486
711,32,242933
598,91,154546
197,62,226639
650,10,165725
824,38,331898
709,19,178487
44,55,155670
952,44,221950
598,23,273646
171,30,278840
718,2,334687
594,89,351008
585,70,199986
965,80,227145
29,9,331687
875,7,269148
480,21,358520
335,47,269547
178,66,345809
610,3,265162
618,26,306712
291,78,256653
258,95,324336
629,78,355920
472,93,212291
109,38,263230
752,2,158563
279,77,315268
160,36,355569
830,67,231794
33,24,342023
922,43,165293
937,29,272137
762,22,284070
866,82,214142
434,61,307970
700,52,207387
977,31,261835
906,30,159686
710,15,269706
488,45,156466
814,42,346617
196,4,160655
158,32,168716
977,54,188572
377,75,292294
675,73,249022
201,33,178799
988,83,206134
35,68,353040
668,89,188848
781,88,249999
979,45,166373
923,31,207679
393,38,237268
852,60,291621
550,9,354214
443,93,195874
457,86,312869
886,56,201132
943,53,268122
761,55,345231
360,34,242927
370,82,355419
539,13,228745
309,38,271763
990,66,267519
305,86,303969
359,32,161995
286,31,159204
127,97,156527
711,14,184863
566,11,282963
153,45,351230
941,26,227490
121,54,342680
964,60,187241
140,63,173069
494,86,154366
83,92,175795
496,45,254077
743,85,297913
238,89,293624
664,59,322984
747,41,223954
220,84,232805
513,85,184767
943,81,174996
442,81,293501
99,52,171313
55,3,184668
517,28,163906
946,4,206813
670,50,226131
485,5,276330
998,67,199422
766,9,247614
491,63,329543
818,38,162007
513,10,211519
49,1,227829
884,44,185258
959,81,229677
205,64,333461
83,45,171503
438,65,299101
203,93,310429
733,82,314209
796,12,228103
507,71,184135
737,71,336698
771,10,215185
255,32,226213
710,25,316084
136,90,229879
509,42,336417
172,41,306068
433,63,235706
869,61,250316
153,67,166586
397,34,165008
326,39,195969
793,77,165687
423,18,261387
419,14,203751
806,77,189160
657,62,320218
57,23,268839
870,42,258104
556,24,258337
600,24,289334
308,58,293911
22,87,231503
23,95,243672
651,6,257122
442,92,259554
289,73,162439
919,26,196651
231,31,184711
245,39,346594
722,37,343267
726,23,229166
652,55,263012
514,11,252016
516,68,257398
186,13,208479
614,18,183843
566,62,348095
505,68,239329
810,92,325551
710,92,311902
730,43,221441
665,93,309089
374,79,276263
923,33,236660
853,50,345873
611,8,291046
420,61,343486
127,29,252578
797,75,313221
99,38,189577
755,44,270061
586,49,219242
939,55,197949
527,12,205125
951,9,238119
453,99,322345
673,22,329184
432,20,185134
847,52,255798
276,63,242064
906,52,292135
993,57,359345
47,44,211836
490,62,222289
563,20,241337
527,79,276995
420,72,187016
921,97,341749
85,42,210316
995,48,261340
602,97,200518
287,3,247511
926,33,294608
497,82,244111
494,98,213121
695,97,172827
58,50,269665
773,12,295309
762,26,181792
145,31,156893
468,48,287616
705,21,176889
338,50,165643
26,38,343459
658,26,186924
815,3,180804
920,11,277769
616,83,303332
146,78,291902
765,9,168947
471,70,277469
588,15,257725
966,46,208628
858,99,308447
721,59,241314
500,17,298010
168,62,343690
539,90,214363
664,29,258117
307,51,273338
315,9,186373
892,5,198714
60,3,175274
848,17,346122
990,62,341135
142,28,310428
935,21,218462
359,94,160418
287,43,296055
155,49,248650
81,98,224239
961,95,322143
319,66,352567
937,16,354897
554,65,156998
170,15,231726
713,96,318633
134,84,190648
178,26,266296
390,84,283567
113,87,308252
536,68,248734
41,4,268085
416,12,212430
676,44,359364
569,88,222680
997,94,221275
934,45,162666
578,63,308628
803,25,204359
166,9,222707
22,8,164841
508,88,334061
447,66,289056
432,33,358987
646,61,280225
172,57,316069
851,55,231905
947,73,298706
164,48,180168
791,53,277342
6,46,183177
627,1,169005
825,44,215320
601,56,257627
44,48,241970
655,15,250550
268,7,275771
356,89,239879
736,80,266768
977,79,312870
23,27,346532
823,73,333281
995,19,353858
808,79,234067
10,80,292409
286,72,185651
374,49,339650
126,73,260887
40,71,310732
44,47,296694
567,11,176344
177,36,292704
316,90,202489
913,3,300184
908,55,358979
970,15,244340
928,60,338801
722,40,174459
873,88,348894
781,78,254779
361,85,212812
818,6,271322
578,26,336495
651,62,330757
987,4,330901
564,41,163340
278,42,178460
889,25,247223
571,37,250832
835,32,213955
870,17,235774
566,95,321164
767,37,164718
526,61,322037
393,89,208182
21,21,181837
621,42,272901
45,56,156277
524,6,280473
358,21,263826
70,20,209202
816,39,262937
82,70,265175
947,35,269033
439,24,161521
779,79,348034
527,96,235096
922,72,351494
946,38,194338
891,39,282343
459,52,179764
685,61,298600
199,29,239084
621,26,335791
119,16,329721
403,4,202175
696,99,341376
457,47,230248
887,24,299224
507,19,358936
327,30,343140
401,48,298654
786,19,335272
195,99,194853
871,39,232600
472,76,229568
979,3,357556
930,53,323313
499,24,340137
203,20,329037
268,84,282755
942,63,339260
272,18,352552
143,65,162403
598,30,194716
725,31,158117
641,34,228168
358,42,329910
553,15,155011
540,29,173131
949,20,341313
927,76,183778
858,71,270363
911,48,231093
929,6,239720
447,40,323048
879,39,194963
132,52,303421
204,55,330228
531,98,207904
122,18,328127
758,24,181119
788,13,327935
304,64,346279
735,11,186379
113,16,248601
586,58,222669
912,43,216417
4,85,320347
786,1,253926
894,52,269356
11,89,350736
858,9,173107
129,25,185367
897,89,207776
276,49,155636
365,14,305321
762,50,171874
173,45,177667
898,16,303609
237,37,356329
72,12,229412
188,32,246720
82,79,244804
321,72,344557
709,64,264178
800,40,195453
549,71,290890
110,22,169827
89,33,332674
759,97,175443
35,21,256851
234,49,194530
894,63,336680
202,9,185949
795,3,209127
965,19,232196
572,70,180586
161,19,218406
94,87,237633
717,60,231414
837,91,185591
55,49,246787
718,88,279169
542,6,189136
168,31,322309
195,57,269349
465,16,197686
634,48,320854
309,16,316724
283,83,196251
650,27,326926
827,87,254671
770,45,218516
912,98,199537
605,71,214972
97,79,331706
327,34,198779
63,57,292515
174,44,297111
60,89,286421
523,70,193606
612,49,166000
221,39,332138
471,42,238785
163,63,215555
821,44,308912
121,91,355987
728,67,299335
821,88,305475
846,46,303296
270,33,248263
369,54,225612
335,46,330229
232,42,253167
574,43,172132
570,100,157452
310,6,242768
416,49,209762
959,92,243598
653,57,170675
614,55,188098
223,72,264653
864,99,252161
575,89,293138
882,54,249613
371,43,283247
746,77,254826
437,16,161171
17,82,246814
968,81,306144
574,86,194012
980,65,165861
684,89,200885
13,37,179887
337,78,183316
85,22,184757
816,47,235156
894,43,266564
535,53,228167
273,81,214408
110,94,321445
892,66,355324
689,6,203355
209,92,232302
530,93,283267
677,54,269230
830,77,292916
194,14,315662
804,75,261410
809,90,317993
9,1,248421
673,66,195138
927,91,203410
241,37,158113
790,57,342605
730,70,298342
660,63,226375
815,93,170342
755,23,319414
590,10,173305
29,34,209208
764,38,217076
998,20,244885
119,75,251249
824,15,258182
211,85,300585
633,63,176424
324,15,167303
103,41,196410
671,31,245137
286,14,294455
851,84,215022
689,13,337666
548,2,252477
601,32,263453
487,98,180845
670,56,256624
637,12,275710
735,17,288326
662,76,284881
901,63,281908
626,3,266533
865,68,167202
944,99,323603
500,49,163585
589,3,268357
678,27,245062
542,53,302392
353,98,257973
495,72,355295
882,34,158288
807,84,297468
611,14,297881
702,52,211540
697,71,302029
729,44,163702
191,73,269173
458,20,200586
360,18,266511
439,45,321279
274,70,311233
402,32,225366
624,99,201653
710,4,333283
808,70,257812
64,81,283735
256,34,178108
455,97,206098
7,60,256721
365,39,253342
540,87,216157
225,9,302716
850,96,207936
115,14,344361
776,18,160486
716,82,279936
581,55,280541
516,96,165128
778,34,222825
262,64,337397
211,83,248081
661,6,305102
378,34,342982
337,64,257525
15,48,313757
32,49,270272
920,66,217744
58,98,346319
35,87,343027
2,65,168868
768,70,203128
680,37,165055
578,58,175057
337,72,187985
798,33,213055
102,63,190311
717,90,191052
691,26,327084
904,38,313360
360,15,237422
790,30,289981
109,62,182862
494,12,339701
133,39,195777
902,98,354160
527,49,223968
993,77,183320
239,39,198991
421,33,355203
272,40,240153
340,2,333688
138,28,229969
484,44,305867
561,19,308742
491,49,212058
430,76,188333
490,60,263258
3,54,168511
918,28,255322
357,60,214722
607,83,177921
95,45,288914
107,42,352315
298,16,244479
266,32,205294
727,76,319225
60,41,180959
276,88,229204
666,98,246556
678,63,260510
796,70,213266
454,76,204177
270,92,157329
119,4,250499
848,17,305761
635,90,201671
306,95,213261
112,32,194332
766,69,190752
763,96,215628
270,8,188498
107,60,268670
614,56,224456
422,70,217714
421,5,335007
447,36,244200
473,3,337051
338,43,224749
286,77,358302
865,91,297983
940,83,267062
875,56,212012
156,86,294018
985,86,233215
626,60,258127
541,8,283416
588,15,202871
820,69,188829
658,48,163161
482,3,276575
905,19,327998
275,17,167497
180,53,243863
987,6,241220
696,69,276179
647,92,231493
851,27,172134
982,88,352506
313,10,305402
120,87,338936
344,19,343325
538,78,259206
378,6,197840
271,81,231415
850,21,158421
363,15,332740
274,92,239174
569,83,194960
573,22,262016
308,91,296133
654,21,194319
870,85,228430
237,55,310760
863,12,164801
933,20,183998
923,13,290749
576,49,286605
660,36,211227
794,34,174208
868,75,188524
844,79,217458
971,33,159039
684,77,339051
733,13,337024
308,13,154706
208,29,277912
318,87,241961
941,49,312074
753,68,202111
424,57,269398
173,70,328759
800,41,330271
978,53,185096
814,10,259085
994,51,184153
15,29,314618
297,23,193377
212,87,196164
292,29,333032
175,84,244505
42,30,352993
592,46,331847
843,20,188723
266,62,351581
57,70,238716
571,51,310694
188,12,162529
159,50,339504
206,34,187301
905,27,162768
134,12,331225
119,20,299044
866,58,196149
992,4,319694
254,99,183390
301,75,236084
429,76,311832
367,70,243613
386,72,266591
251,2,267481
805,64,247992
211,23,189953
135,99,187008
404,19,251820
918,95,287600
841,16,350124
369,69,359356
587,28,293517
207,87,181625
217,12,251086
725,42,314762
517,65,270821
128,53,359534
440,31,261250
103,97,347934
303,46,237176
653,53,314223
249,100,270807
170,84,338780
