104,28,114263
70,21,368097
875,56,66085
655,37,309814
949,1,413468
565,14,57836
353,84,355754
172,24,492301
576,91,323458
8,87,76458
524,81,182272
339,4,493751
719,28,7855
996,9,88780
755,86,84126
450,42,99882
1000,75,389743
141,49,470427
552,98,460174
59,18,13504
435,78,139126
570,18,385099
61,23,363066
492,86,492260
928,15,257901
426,23,470169
572,24,402809
335,21,110917
774,47,320029
368,16,166654
11,73,294697
942,65,128378
159,69,316418
70,45,155716
447,99,19179
935,83,11691
660,58,133373
722,3,435925
591,40,109875
697,9,59367
744,24,151994
530,79,19673
291,90,73364
879,98,163670
270,59,477520
214,5,241518
40,53,420887
898,74,192056
985,88,293235
513,12,219915
468,88,340836
437,85,493146
30,20,328098
677,72,414656
847,64,477760
943,44,36276
432,97,466958
976,57,330492
590,8,355750
129,88,155761
614,41,474489
192,80,330887
749,53,410152
474,23,448548
886,9,345492
126,52,88927
520,92,158245
723,76,276595
950,42,281539
92,29,151980
736,23,480055
386,44,393798
398,11,293972
420,61,143509
372,5,45341
240,44,213684
213,72,429648
957,44,78626
45,3,334497
825,64,183642
268,11,124842
565,70,309603
510,40,321844
949,11,298105
828,2,174682
621,76,101337
164,46,251038
184,64,230893
47,45,343356
519,93,316947
546,11,54849
369,21,90287
472,29,88059
166,99,249547
833,30,390476
108,51,302266
537,72,403880
487,68,58748
344,59,312028
270,42,123699
69,77,313061
923,16,342515
38,60,49541
491,56,265669
787,78,453586
928,57,338985
17,52,425144
672,70,161164
797,92,315731
474,50,238419
19,63,400995
479,36,339307
99,70,86959
548,49,132313
928,79,231941
844,23,440346
81,46,130367
652,53,83458
264,93,258942
465,72,344383
23,86,89488
305,56,320551
691,57,325246
305,45,428261
596,38,110429
539,99,62755
511,29,313511
94,72,452397
360,84,195775
404,16,454398
169,26,309274
826,6,66770
268,88,181234
466,89,151252
748,74,390772
261,67,437845
161,48,335031
305,93,497121
475,54,45122
425,99,21677
273,45,89062
16,49,362817
214,56,200029
110,14,425521
727,90,381978
712,73,77261
972,30,398070
373,44,437237
37,80,148449
20,29,2940
396,30,81115
36,93,143215
608,43,405944
584,71,232324
274,71,497487
188,85,188855
236,91,494892
561,3,408824
34,74,257102
683,13,167213
606,68,421769
127,23,170498
244,18,476923
641,91,121375
795,1,337549
971,74,216508
115,91,86998
946,4,178599
771,49,140701
799,93,10737
996,37,228614
750,57,308992
891,55,201134
832,65,93741
878,9,307638
969,24,208754
403,95,215897
306,69,35466
892,18,150777
786,100,304349
948,28,182222
975,28,498098
810,83,293601
147,53,390255
55,43,525
606,63,441484
546,79,400317
267,67,384035
643,15,198347
483,38,431479
651,90,299092
125,98,209579
525,51,287859
906,14,94465
821,59,145523
964,24,303084
902,39,237102
688,95,180202
389,35,212456
796,92,250795
866,4,72988
662,83,265447
831,26,306166
896,68,42280
900,48,107043
172,25,69507
261,46,303469
306,90,451871
378,11,289305
582,60,396147
938,69,315204
332,16,57251
63,14,184978
767,77,214457
757,76,476043
48,75,353774
611,9,72018
622,57,340851
756,5,360677
793,14,32972
67,33,170483
555,28,270837
614,4,19127
669,53,345965
367,56,494635
990,12,117317
149,75,140214
46,30,129268
838,29,331386
867,78,182453
820,33,346794
61,55,420903
696,38,334285
143,88,155874
229,46,106522
113,58,233507
551,49,258279
287,52,430234
615,92,265366
370,39,423144
900,63,306399
787,72,53926
360,7,221895
263,17,209708
632,64,110013
646,100,288531
486,34,208089
990,85,298441
528,67,324618
881,78,319643
155,75,207314
14,53,147633
757,72,364594
25,98,67015
171,39,491445
565,1,342842
382,10,248095
630,44,130074
477,91,289741
137,33,113692
852,96,75495
758,47,363379
659,8,69657
991,18,455394
512,76,130590
492,32,71236
441,22,454823
652,51,400043
93,82,109941
426,71,319642
188,72,271171
411,94,387241
219,75,469571
174,30,394416
408,57,197794
827,28,279091
905,3,408818
861,22,362240
247,83,65778
221,8,488923
55,42,462521
632,52,268878
992,13,267168
182,7,245387
964,56,235777
146,73,458332
573,20,299296
64,69,464876
819,37,248829
75,34,23755
57,32,422847
487,58,271927
196,63,419121
611,27,364901
155,86,455283
836,8,120737
563,44,162492
959,41,400749
716,79,183417
762,73,59258
777,72,113518
840,8,376049
231,11,398728
681,80,110632
587,73,483016
991,59,312240
332,44,71645
275,74,280970
132,55,38291
664,67,77504
290,47,126956
992,69,193491
442,59,189922
128,2,79576
518,45,368985
546,3,341802
938,9,235524
165,79,90310
69,73,18723
416,81,478538
929,62,201033
576,8,187577
138,22,368278
346,30,121342
119,57,319161
676,44,327136
558,92,86922
846,47,179797
99,66,134187
794,39,39036
305,41,117445
693,49,223118
853,45,222306
778,88,241375
994,34,227682
427,24,356182
253,82,50929
488,84,196616
382,94,170391
857,79,230912
564,46,446320
303,62,72640
865,51,469464
554,94,175012
940,43,207411
616,54,140955
982,95,341509
357,65,452449
928,58,317127
334,40,99463
911,22,225765
870,62,150296
963,10,307100
383,90,14361
969,87,452975
963,75,175704
871,2,227107
203,22,390202
118,51,38815
271,62,399044
371,68,248069
248,52,371711
457,35,85651
695,4,408993
570,26,389598
490,36,55738
726,66,334076
902,49,392163
466,26,372099
917,29,436761
807,30,322776
822,70,144487
449,2,91605
30,30,487765
223,21,174751
155,6,199955
798,19,219184
347,34,344033
635,89,13484
864,18,94697
185,27,433882
903,80,127713
347,94,1871
677,38,243018
169,7,271224
746,5,391523
802,52,7486
590,17,450582
703,23,96252
441,87,196020
86,88,388803
362,78,46750
628,74,208331
570,4,293397
422,85,414977
19,62,134254
179,39,70491
227,76,457453
678,33,297553
353,81,483242
477,31,154324
526,20,425496
859,79,357544
422,70,37263
38,45,422034
93,97,466602
613,81,317055
47,31,34789
267,12,427633
572,65,81632
726,51,210052
317,87,280511
958,40,40884
120,26,315177
627,11,421280
86,33,24973
798,76,295798
914,78,213685
886,41,355148
475,82,463346
863,46,378090
642,63,382906
710,28,218336
367,19,383979
121,9,217366
9,21,193312
452,16,435971
914,48,410865
929,9,214673
239,34,92046
100,58,195959
33,45,395890
536,21,98196
566,82,53840
787,65,103440
905,5,423007
582,3,394505
743,89,149270
285,56,476023
478,94,442381
596,46,38755
539,74,241166
506,7,261757
966,97,29064
498,24,87823
238,2,303775
3,1,67242
348,72,259029
99,44,85017
138,35,368263
470,80,328311
868,94,229566
602,95,29517
54,76,94582
242,95,103453
537,10,180804
98,99,477569
817,27,460672
794,52,475574
630,88,257999
71,63,277241
774,35,96030
242,68,107135
189,66,394773
893,22,406108
286,40,209209
841,14,385605
522,100,320892
330,99,460509
230,29,174083
489,72,231300
700,20,192804
35,48,251339
500,84,215458
224,81,495543
62,74,352321
54,3,29794
504,34,233625
723,87,13995
713,80,213457
324,35,339473
667,100,248078
806,94,253916
21,78,263008
171,95,224
928,50,467563
931,15,121999
122,77,200091
812,69,194935
244,48,488298
700,20,362531
418,7,189424
855,23,211490
84,3,111326
353,86,108926
74,68,246362
798,59,284057
937,18,284423
271,49,36386
522,80,244684
532,60,75143
804,43,182963
476,53,158927
961,34,48924
835,41,271382
704,22,393723
130,98,241956
854,41,269453
878,2,318291
170,45,244847
38,94,339384
429,83,152924
722,74,265161
752,98,242347
142,8,458906
182,60,81042
818,71,243505
515,11,147372
28,13,351816
373,45,208310
510,42,70056
538,9,167210
420,43,423784
527,29,220706
530,16,468910
419,64,278052
684,39,279176
936,77,215324
501,56,432633
769,42,170502
326,97,379122
157,70,209952
437,9,188097
715,56,316028
494,24,336748
513,61,275408
244,51,301278
401,12,168784
475,84,326136
592,25,294229
217,45,408409
486,62,477557
197,48,124856
749,4,342098
542,86,64476
643,55,242089
730,46,273827
602,64,197436
795,49,214455
63,82,270523
781,14,372551
538,38,470128
444,45,305324
951,34,384823
203,48,488078
207,81,367416
347,67,6400
28,43,238128
485,50,197528
25,18,68130
251,40,57834
31,38,256662
258,82,246162
675,94,232264
297,71,254466
213,93,215197
795,11,344408
605,26,140529
515,3,45220
842,78,428055
509,63,78631
527,50,442216
324,59,253441
701,9,75478
452,74,444650
921,70,49251
35,96,438007
589,94,138324
818,34,25622
531,15,129559
351,53,364567
823,91,478938
442,43,262047
869,81,253816
863,3,106737
731,48,35760
299,59,384157
708,85,146924
555,100,271848
161,64,131672
5,46,440026
592,15,69446
300,33,358448
974,28,433924
316,29,462646
327,79,327190
362,73,227545
548,79,20589
629,38,259750
486,54,407151
895,22,203800
275,47,66160
481,61,324580
908,40,230785
447,68,304881
65,11,175125
51,96,380213
195,5,37249
451,29,93555
842,43,320269
658,96,41234
219,39,391180
736,8,148936
45,60,414535
260,24,98148
614,100,322242
18,40,174885
130,78,7436
959,100,438964
281,68,72997
405,41,222151
69,53,98802
495,51,88116
887,94,483940
896,63,42275
848,40,95109
750,63,359121
363,48,12100
880,38,60627
970,39,370521
244,30,160619
408,71,343547
636,33,481214
952,43,468712
641,3,394530
985,22,173703
836,97,17822
829,93,418417
245,40,9390
823,35,72560
40,11,229907
649,24,180745
498,59,149406
916,60,1469
200,40,19055
979,17,217434
486,84,456894
25,19,441874
158,81,213964
397,46,190871
433,97,481243
175,55,161203
146,14,308803
1,35,279637
205,90,216038
159,80,81687
290,53,308103
902,98,127631
809,10,262528
33,27,298959
102,92,205205
728,97,408714
892,13,124856
620,100,214384
988,61,83457
122,91,32136
240,12,117225
8,20,286539
742,71,341957
242,80,447275
283,30,406419
52,84,419854
52,66,53062
263,64,108968
589,46,178883
871,3,470591
993,73,426415
874,84,27753
368,46,419733
350,64,379182
533,51,426365
782,80,477083
970,76,339738
640,71,427110
30,45,485095
208,34,316097
385,88,403437
658,98,123749
732,28,361929
387,26,422509
745,94,1613
586,41,206939
278,60,116374
74,80,275286
822,11,230307
372,67,284330
199,31,209318
35,16,142045
528,16,317806
228,60,86664
415,15,234182
554,98,401816
416,92,154550
134,77,347401
736,18,263608
932,87,494158
182,82,456608
335,94,319520
365,32,327914
982,88,483807
158,36,64508
841,60,398834
394,76,18087
536,2,258894
820,60,341393
927,40,388091
304,58,206126
939,76,348299
284,70,229959
636,72,376597
472,14,406146
553,50,372566
806,40,401516
274,15,249807
659,66,245626
256,12,110356
284,49,56616
914,97,319855
521,67,64796
941,43,191261
754,37,326819
894,65,87843
104,53,145989
16,71,422160
894,51,328022
319,39,119870
344,94,67545
907,18,230935
525,94,313127
558,58,62021
566,42,175045
552,54,231121
105,79,465460
746,31,267299
989,81,187919
907,40,423720
234,75,314951
285,88,59713
221,79,421583
444,86,18165
153,62,271645
340,29,108502
759,36,144950
649,95,367017
244,73,294584
345,74,443132
494,37,48058
525,17,54043
528,53,179825
495,15,87428
204,96,350480
90,97,70802
168,2,471206
256,61,305646
60,12,30673
878,24,150226
967,31,8283
856,95,1927
124,19,165462
437,83,206717
869,5,75382
790,18,211863
847,29,419299
833,6,406209
459,99,205837
317,2,249246
571,90,141856
147,17,364380
461,47,89156
964,39,453940
29,32,88367
974,88,462208
242,87,108141
23,92,82329
845,19,278931
926,86,296883
308,18,7762
49,43,304284
32,96,473358
132,22,246463
805,47,179579
367,46,349914
497,41,272368
733,3,169886
21,36,81515
565,74,257443
533,16,339726
389,82,224330
885,58,269573
996,71,258241
327,16,261555
773,6,312521
465,41,70316
280,1,286416
456,16,17574
77,69,152793
471,23,359879
803,99,111143
387,28,82292
505,58,470093
752,99,489150
215,19,91749
978,43,156165
778,8,325953
801,71,315487
932,86,64549
978,87,14085
634,47,53182
247,1,366189
638,46,347030
525,69,478426
325,50,329537
363,56,133721
779,15,375587
650,28,32852
119,86,379532
562,63,481083
70,27,457002
772,90,30044
799,70,286393
897,56,193338
988,91,157084
203,11,60018
165,12,439367
561,26,126674
279,31,301248
645,30,417758
532,69,109189
389,74,9033
453,46,117659
689,20,211620
231,89,133680
357,57,347281
286,52,483301
320,36,80075
107,71,247715
79,40,473330
320,38,319830
409,66,51005
22,5,25132
313,46,202213
360,10,88742
222,80,16555
355,27,443384
454,6,120096
981,47,429113
913,82,332523
497,71,92561
42,9,4061
21,47,421692
28,59,51319
358,14,476533
254,51,355621
83,80,461320
2,30,261443
862,27,478274
408,87,73200
37,34,271929
663,96,78550
449,30,415516
465,78,227540
519,69,35263
727,92,234035
575,35,242555
524,46,488688
429,65,149571
303,37,311588
210,1,367613
327,17,161315
435,71,116442
388,80,93884
341,83,103752
754,78,340975
467,58,43184
373,56,37434
472,79,229924
328,21,216546
223,67,276962
537,29,377379
119,83,196389
710,98,471985
668,58,167082
550,48,356844
317,37,436669
205,67,336066
530,63,439223
974,96,71826
116,75,320262
256,47,236835
804,34,214026
759,38,447840
79,77,215496
948,61,96845
250,92,128623
750,69,351930
787,20,189540
506,91,243919
894,80,102524
177,71,305800
337,24,327567
795,29,453681
527,11,217252
165,56,345117
841,7,180061
822,22,113022
207,16,225927
228,20,494359
926,29,327472
233,26,2717
756,99,183802
771,92,369812
235,48,83836
817,55,219007
262,85,206940
589,82,401715
926,66,306921
2,30,212517
580,66,355458
368,36,191758
174,81,354548
356,31,446325
830,56,143109
185,80,482525
670,36,147445
89,45,192991
896,41,164208
8,75,269500
118,70,363853
550,17,438115
929,25,357728
193,61,16005
739,65,267696
732,100,431876
847,82,388729
990,16,10699
771,1,145078
765,3,343493
830,9,154341
37,98,344226
967,3,377950
421,47,54650
828,70,414300
866,96,14018
93,89,144120
612,6,70265
52,53,58635
395,86,139227
434,25,227406
893,65,62818
483,13,474695
436,74,325435
289,71,472150
956,66,32217
364,26,74746
190,50,135898
473,32,351481
136,58,95623
707,40,406687
751,35,189138
816,9,158314
909,49,401820
786,23,432554
601,35,391893
666,48,328116
389,54,173743
644,10,397342
112,88,289419
383,92,388020
834,47,362936
588,62,342193
51,14,38528
844,26,23277
141,8,450189
690,4,236728
70,68,10587
944,32,268260
346,75,352703
288,87,235935
217,85,20870
91,39,338243
128,96,463009
488,29,65205
426,35,177050
709,68,65890
307,75,317848
657,68,24506
25,70,357650
738,88,469524
341,24,380782
933,15,124330
