425,21,408528
57,36,184850
611,33,298114
951,22,222703
665,53,176903
513,30,184684
399,69,299289
167,13,294344
741,35,122488
397,9,252406
192,31,151085
833,9,342469
526,56,318358
571,65,265295
745,41,240961
756,16,382024
284,87,275764
411,36,242068
458,30,223263
510,13,156846
170,30,319287
311,52,231899
865,87,278574
932,99,302508
730,74,259939
180,92,280645
147,8,288623
627,42,189506
400,35,307102
942,28,165467
622,47,323618
464,31,166924
6,18,204840
37,79,133065
250,68,280367
79,26,177633
265,56,298240
920,56,171095
129,90,215206
372,7,303528
286,67,206516
563,20,283195
2,40,136523
10,23,152741
67,2,352561
952,25,223604
749,4,183284
925,45,176887
997,93,172837
590,68,235406
893,76,263153
814,14,286271
356,8,110143
996,46,321936
96,7,385421
642,91,395113
815,94,286706
202,97,213010
662,55,144726
137,6,117578
934,33,180908
257,57,334760
33,39,134797
294,12,393821
665,91,234038
728,7,386242
295,81,351356
872,31,252361
850,64,137384
195,23,154868
673,66,216241
899,4,134561
723,32,284587
753,25,409053
32,83,222760
165,44,355428
407,8,213135
514,30,162386
379,80,261388
727,85,259221
415,89,211121
107,99,191123
361,13,184300
409,28,231513
153,2,221943
173,91,143955
766,95,138303
298,99,391594
416,59,370244
872,7,361071
20,50,357358
250,90,288487
891,4,329820
379,45,373550
695,55,105882
382,16,218201
653,65,312770
382,48,259216
998,98,404930
581,61,147732
671,1,282998
588,54,222853
280,23,350644
997,29,260302
302,54,173349
217,47,253623
532,85,303645
547,97,342570
794,100,179937
507,6,168493
885,92,214719
414,59,175466
787,98,207260
210,55,350474
111,64,189359
544,81,311029
810,38,316930
94,14,402419
123,78,203082
151,48,147197
785,94,327198
443,47,348472
474,16,202755
214,18,403079
521,74,107275
556,16,368688
857,20,285125
979,67,112921
221,65,257680
247,24,302049
608,41,334936
454,41,182201
977,92,397323
349,74,153097
201,86,357861
916,9,227191
272,59,307060
206,11,366966
752,71,273024
407,7,123815
479,3,224017
181,77,328778
517,67,400332
234,93,398481
363,46,286707
150,59,337102
394,57,172178
468,96,225662
578,41,366155
8,38,257761
419,78,319203
450,64,134782
169,25,283021
163,43,107660
272,78,192377
282,15,162197
74,66,410741
38,95,407025
771,61,103164
334,90,242035
618,17,194221
575,62,138383
375,38,344028
743,97,365418
18,63,142605
728,9,341258
685,81,286143
907,67,199282
883,71,193560
969,44,372725
941,66,333553
995,98,326428
712,41,316422
785,70,112478
525,29,248868
438,12,165901
392,58,266109
177,37,392261
459,14,335409
433,99,293869
705,36,340666
165,90,105639
904,22,226111
445,70,209595
820,75,363166
282,18,188698
665,62,220073
702,7,193104
799,7,284848
76,7,266608
686,1,225863
699,11,151985
93,45,247847
614,87,318278
550,13,326055
696,54,398228
45,38,107503
976,84,256574
983,31,183740
219,28,340629
387,15,267108
757,69,203348
350,95,379079
560,96,342444
743,40,119397
570,8,224059
159,3,117382
275,41,259393
126,58,270918
542,14,139595
555,62,264096
688,15,216494
443,48,211513
816,94,341711
827,35,280863
386,93,226884
988,70,384278
50,99,215227
903,93,179689
725,18,196643
948,20,318259
920,78,343094
851,66,392666
322,54,315629
898,74,235203
616,23,156572
382,90,174864
565,36,290282
307,43,263068
341,23,294704
344,62,407709
102,18,197672
32,18,344350
819,12,408896
229,83,303449
352,26,181516
821,25,221603
785,18,132760
669,15,362933
997,4,225396
815,72,117781
492,15,129163
935,25,160892
483,69,311992
42,1,258551
209,74,126411
439,41,222903
524,57,350702
923,36,163005
718,10,119697
236,95,273880
600,73,182465
769,32,173217
820,32,105723
518,80,343019
454,44,279408
282,30,281742
829,95,203325
121,96,401915
598,68,360034
54,2,271543
75,52,233694
19,99,388690
807,62,243271
68,2,241933
405,97,304205
828,56,309319
623,12,162098
198,20,285284
681,23,234238
305,89,107352
852,28,227965
707,25,240956
280,65,293415
846,29,228451
67,86,281209
750,22,144024
596,57,164201
989,65,409290
108,87,127490
874,96,133605
536,76,143361
913,94,396494
577,97,160221
513,67,129578
25,94,258958
935,69,125172
345,7,207376
495,37,204110
504,29,390986
17,54,283444
47,76,308330
537,40,103978
427,95,160394
257,67,174932
583,84,332672
746,95,394115
766,50,130530
396,37,290535
620,81,293842
122,51,281489
508,48,306540
316,50,325309
91,36,122346
53,42,148283
155,89,255992
539,98,360621
692,91,133795
820,34,147787
225,67,233129
728,33,270661
388,8,338913
92,76,112725
753,22,218669
185,14,132573
908,16,139559
430,50,158390
786,89,272039
354,58,404988
245,67,263586
787,20,127759
891,49,343198
320,90,330911
160,85,144819
5,83,349034
647,78,161658
308,91,123494
680,10,321123
316,19,308736
152,96,129127
184,53,140946
595,56,277591
844,43,181268
516,20,127710
954,23,138636
964,54,381398
104,48,274021
367,12,258151
265,57,142444
607,10,188205
499,64,240890
348,29,111240
905,69,164073
615,45,222608
826,2,225816
619,74,278069
301,81,302383
840,53,130131
770,6,230703
353,43,231818
23,72,304300
403,50,303285
408,4,178143
240,81,301214
281,28,129357
189,19,187958
708,55,360147
985,25,324336
423,96,282626
349,65,372678
27,2,111250
811,59,232443
442,27,372011
798,62,122995
614,20,264476
954,62,402214
468,33,213197
720,8,242758
108,67,126011
166,59,232339
273,32,394185
62,66,145284
39,35,394382
215,68,194190
770,99,137778
38,23,251431
327,97,289525
385,55,254010
513,20,182159
626,35,141586
783,61,317567
975,80,225146
194,35,180165
70,80,181721
609,15,171907
801,49,197485
149,95,190244
383,3,138591
897,82,108369
692,62,117668
852,7,391774
838,73,342583
130,67,235913
995,65,372927
420,86,259967
478,26,148511
682,8,193356
73,100,290483
108,6,288436
611,20,179283
317,25,138510
801,54,111006
813,46,392082
307,85,323488
689,73,270506
74,9,260027
574,47,240027
907,67,280632
844,88,120499
300,92,387747
69,55,283362
513,87,183576
718,38,390031
903,26,338876
115,73,389640
497,82,371752
638,77,234504
823,78,273264
174,14,407419
992,63,315174
821,88,182360
17,13,246118
844,49,190381
399,60,394892
875,39,190568
954,39,174222
367,54,316274
886,71,363789
298,31,247763
122,59,188177
123,65,103799
885,18,355027
980,47,128165
524,24,135405
136,27,338788
592,92,114855
699,3,149118
176,77,395602
567,39,210264
472,3,165457
628,98,152996
614,9,302922
220,11,191033
754,32,265749
827,64,110339
386,5,351052
38,11,363364
931,82,111014
747,15,182581
558,94,152194
606,12,365923
265,24,109745
731,98,244363
209,4,178925
650,46,344311
282,50,384851
511,44,409472
937,5,186389
534,56,125973
272,23,160867
711,15,398748
352,64,182146
765,37,325149
793,26,316432
346,58,220429
583,93,237986
491,97,128150
167,12,146648
320,50,310074
772,97,378959
998,99,405547
984,54,378766
929,54,203662
578,31,240790
215,15,107826
597,97,397756
358,63,375958
676,42,348527
211,73,149588
625,4,181171
184,54,141589
255,22,384337
696,12,268411
454,10,149567
875,38,265429
520,60,311748
518,25,284203
735,69,167708
289,6,400465
194,90,341877
170,17,200525
885,7,167007
173,85,308554
13,40,359242
283,46,383124
584,69,227550
667,82,231948
229,85,351197
128,83,271629
282,70,119710
802,39,106810
111,95,296952
117,53,256514
692,47,158193
996,79,397951
441,84,133800
305,90,236396
292,6,280442
562,60,231519
21,62,109346
886,85,105369
827,73,128666
201,20,236982
163,85,284527
692,40,317537
808,46,135483
505,32,216606
199,5,113825
701,10,367113
10,42,216323
458,51,289001
976,16,264327
527,62,124971
975,47,391860
932,65,257036
355,11,188706
926,18,325975
510,71,252434
192,45,288175
712,26,407488
297,9,354266
187,91,352497
393,95,127989
443,94,236432
175,25,120222
846,6,285403
80,100,243701
454,91,223206
741,61,161785
90,84,232262
689,80,265684
671,91,337973
311,72,278957
788,15,117551
47,37,285406
533,11,402828
846,20,407148
577,58,385951
871,5,377750
497,65,289621
447,26,332488
356,93,385941
269,4,200532
532,11,194995
853,16,410771
793,69,227464
239,81,215243
627,3,375001
946,76,201953
819,58,246333
171,72,205756
283,42,339305
248,1,269910
133,100,237049
345,42,344659
18,20,284250
422,40,353729
697,56,306839
431,40,175173
866,79,132651
770,54,395451
240,56,262868
989,48,140696
877,53,194842
737,59,409799
758,54,311880
972,30,103506
616,22,362880
408,79,122287
11,70,293007
222,83,411105
662,64,308376
6,97,228577
24,48,223005
971,88,260509
113,98,375136
399,4,334161
589,98,301080
344,58,154226
79,41,387365
592,47,368115
762,55,373299
855,88,110142
190,56,387906
232,83,221214
368,22,400627
907,7,110259
86,98,218452
107,24,387672
494,22,386552
298,26,317818
928,72,103390
645,94,213632
993,48,381908
712,90,136411
889,73,384416
415,70,237337
987,15,258093
226,25,125543
660,45,405939
626,40,283219
360,8,175108
808,91,287719
946,27,256940
629,50,103631
263,31,200374
816,31,285580
968,3,119586
414,51,406602
612,59,313553
497,20,353839
963,50,312652
113,55,255101
589,87,179772
492,18,126788
684,94,176931
498,80,410833
143,82,235269
330,13,322255
898,54,125890
480,2,270304
487,29,379791
931,82,179476
889,95,376678
614,5,127787
599,84,290227
107,29,223878
957,76,375935
593,31,118631
725,24,120243
59,45,168161
916,5,155647
752,30,166180
874,97,350711
880,53,287449
598,81,222166
566,8,314709
323,68,173295
51,56,401196
347,50,287211
150,83,213135
112,76,274534
948,93,167520
527,55,237713
761,25,219966
550,79,138614
334,86,381145
14,81,256442
296,17,115002
708,5,368238
863,87,334085
702,11,402221
792,98,358680
926,2,141803
582,32,194407
999,73,267350
928,13,340570
307,89,306281
426,92,374147
330,88,256251
522,67,410736
221,5,371191
721,17,356814
634,26,162065
35,72,282631
803,60,211854
686,94,381343
868,49,290905
65,98,292447
454,84,305821
929,88,115199
501,65,192849
855,23,265219
340,76,193671
946,2,183930
22,80,249400
784,83,310963
894,56,105069
629,18,381054
432,42,250081
876,20,153987
314,16,191571
756,52,116799
750,96,207880
292,37,392247
62,66,145445
499,3,179256
509,31,325469
836,42,128217
368,89,130915
917,3,249461
259,33,112215
453,2,235485
726,84,248571
463,66,199342
64,33,357642
725,92,217613
397,25,385798
479,39,231646
6,56,241204
379,43,393905
907,3,144393
698,53,170653
679,73,386560
779,98,147898
546,81,389423
743,71,374119
697,51,125757
434,52,267535
873,43,243193
629,39,251967
187,2,399104
488,14,112831
209,40,332531
260,34,259057
291,32,247329
231,45,110448
144,47,245967
932,18,259476
668,95,174676
590,18,310994
31,7,391390
831,87,129675
993,37,339485
634,62,258742
490,85,225243
533,15,130003
456,52,366021
72,14,173780
906,15,264582
506,14,118212
262,28,159913
755,70,358525
930,51,161870
608,76,384204
132,99,183181
174,31,372631
979,19,253826
587,26,400330
803,93,262444
959,59,137934
735,64,408232
582,73,119336
528,86,327152
383,22,194187
645,2,183157
624,58,114298
575,46,298616
858,46,179148
422,68,298615
132,4,251714
727,88,365032
438,65,165137
547,70,170940
418,69,294646
784,24,407300
316,72,219951
763,33,156453
183,91,274250
60,7,119650
327,65,353786
580,55,166663
19,43,320897
886,89,133884
446,2,234560
776,52,213500
910,81,263693
109,67,132773
288,49,215653
890,13,105337
729,92,233613
590,31,128699
611,28,279217
731,45,146626
740,47,108615
707,19,275481
810,71,291903
870,27,370709
98,49,271182
852,62,139784
424,66,337790
147,56,158636
349,85,281421
935,37,211374
631,10,202105
165,2,405631
928,74,406615
880,19,402514
749,56,167363
794,54,206255
661,18,139923
126,24,168589
739,68,342673
670,71,410495
268,52,193139
129,65,249970
699,65,379066
692,33,154530
854,94,243378
861,3,167784
372,76,188426
528,89,262413
419,93,153822
308,90,120180
638,84,122023
110,12,240042
352,84,345254
972,25,176539
19,85,299826
135,40,287227
933,32,391954
373,4,166492
178,29,325819
568,35,298890
832,86,165245
543,66,263763
418,75,315748
136,28,178697
610,27,127828
531,47,103170
183,41,149229
834,72,229895
219,21,161280
903,27,136482
558,50,343096
424,87,388119
501,65,323598
240,81,286215
767,85,222682
930,16,149013
689,39,139905
637,31,220662
676,36,184796
144,72,117090
907,55,132009
206,94,323739
291,53,332215
124,88,234921
668,10,337096
575,31,271580
261,90,111806
691,66,251167
378,31,138856
386,99,156786
371,61,191488
935,30,265817
832,31,337443
799,1,145841
51,87,399912
709,74,117399
716,54,355750
988,34,213733
869,49,213801
134,12,391428
106,26,154969
643,41,264583
34,34,248901
93,29,109183
970,8,374519
469,61,329472
897,85,122465
739,29,361002
666,41,387533
687,78,223858
449,56,407417
987,87,296632
443,2,139221
535,69,208616
821,58,340431
21,99,295315
939,49,209592
764,60,184249
784,9,239302
787,30,272178
684,73,409356
143,71,197517
252,86,291852
498,66,223470
598,47,305857
956,65,407668
778,71,348446
135,64,231388
494,79,135015
501,4,203443
55,8,409329
941,100,237294
572,57,246442
594,92,176535
418,45,262743
928,21,200950
925,5,316951
66,31,157786
342,91,126667
369,95,336938
35,26,185297
262,67,109818
942,60,132526
308,58,193077
276,61,146509
544,40,170468
476,26,194922
52,69,276473
413,28,397001
790,39,155798
840,70,267355
672,57,359912
99,81,248086
893,45,375537
72,29,366356
508,68,335904
382,58,195938
261,85,364083
849,52,364003
664,23,221507
195,26,363088
320,82,159150
992,41,166451
508,60,240353
867,39,252344
8,4,113593
958,10,278470
177,89,364264
614,81,121943
281,15,166815
349,28,283537
71,39,240875
45,19,276261
611,23,119799
405,74,180389
357,11,124881
658,54,124921
484,32,296147
508,81,252746
467,25,342446
341,70,407163
903,91,118677
678,95,398621
598,71,215211
876,82,243707
886,46,160086
80,16,154446
214,61,149559
431,89,133140
967,85,256339
516,54,340432
545,76,406214
69,22,393408
694,94,167708
930,74,151032
83,17,255851
241,98,298129
133,3,317011
906,53,189930
91,57,299969
289,62,378156
364,39,134604
170,21,332521
94,87,236866
947,44,168264
985,72,186248
88,21,136047
383,71,410500
837,9,354314
605,70,363699
165,49,253347
515,91,348483
974,1,365531
353,43,314142
549,11,218140
814,99,156533
262,99,367268
372,99,255627
527,72,321984
867,71,137294
998,64,242913
321,90,325691
27,2,171580
28,49,177546
366,92,197024
874,63,315967
119,32,411321
918,97,139037
944,57,200442
220,13,410432
511,98,199776
921,51,326522
200,72,130223
566,27,148005
55,96,321870
688,64,180157
